1 2 3 4 -2
1 2 3 4 -2
1 2 3 1 -2
2 3 4 5 -2
2 3 4 5 -2
2 3 4 3 -2
3 4 5 6 -2
3 4 5 6 -2
3 4 5 4 -2
4 5 6 7 -2
4 5 6 7 -2
4 5 6 5 -2
5 6 7 8 -2
5 6 7 8 -2
5 6 7 6 -2
6 7 8 9 -2
6 7 8 9 -2
6 7 8 7 -2
7 8 9 1 -2
7 8 9 1 -2
7 8 9 8 -2
8 9 1 2 -2
8 9 1 2 -2
8 9 1 9 -2
9 1 2 3 -2
9 1 2 3 -2
9 1 2 1 -2
1 2 3 4 -2
1 2 3 4 -2
1 2 3 1 -2
2 3 4 5 -2
2 3 4 5 -2
2 3 4 3 -2
3 4 5 6 -2
3 4 5 6 -2
3 4 5 4 -2
4 5 6 7 -2
4 5 6 7 -2
4 5 6 5 -2
5 6 7 8 -2
5 6 7 8 -2
5 6 7 6 -2
6 7 8 9 -2
6 7 8 9 -2
6 7 8 7 -2
7 8 9 1 -2
7 8 9 1 -2
7 8 9 8 -2
8 9 1 2 -2
8 9 1 2 -2
8 9 1 9 -2
9 1 2 3 -2
9 1 2 3 -2
9 1 2 1 -2
1 2 3 4 -2
1 2 3 4 -2
1 2 3 1 -2
2 3 4 5 -2
2 3 4 5 -2
2 3 4 3 -2
3 4 5 6 -2
3 4 5 6 -2
3 4 5 4 -2
4 5 6 7 -2
4 5 6 7 -2
4 5 6 5 -2
5 6 7 8 -2
5 6 7 8 -2
5 6 7 6 -2
6 7 8 9 -2
6 7 8 9 -2
6 7 8 7 -2
7 8 9 1 -2
7 8 9 1 -2
7 8 9 8 -2
8 9 1 2 -2
8 9 1 2 -2
8 9 1 9 -2
9 1 2 3 -2
9 1 2 3 -2
9 1 2 1 -2
1 2 3 4 -2
1 2 3 4 -2
1 2 3 2 -2
2 3 4 5 -2
2 3 4 5 -2
2 3 4 3 -2
3 4 5 6 -2
3 4 5 6 -2
3 4 5 4 -2
4 5 6 7 -2
4 5 6 7 -2
4 5 6 5 -2
5 6 7 8 -2
5 6 7 8 -2
5 6 7 6 -2
6 7 8 9 -2
6 7 8 9 -2
6 7 8 7 -2
7 8 9 1 -2
7 8 9 1 -2
7 8 9 8 -2
8 9 1 2 -2
8 9 1 2 -2
8 9 1 9 -2
9 1 2 3 -2
9 1 2 3 -2
9 1 2 1 -2
